function colors = kb_bgy_light(ncolors)

    cm = [
        0.37020277 0.26712855 0.93971518
        0.36569056 0.27421638 0.93911122
        0.36129179 0.28096445 0.93866063
        0.35685793 0.28750359 0.93830149
        0.35237117 0.29385975 0.93802696
        0.34780126 0.30006265 0.93782707
        0.34315230 0.30611776 0.93770437
        0.33840798 0.31204145 0.93765485
        0.33357619 0.31783510 0.93768208
        0.32863339 0.32351609 0.93778053
        0.32357088 0.32909215 0.93794954
        0.31838593 0.33456724 0.93819008
        0.31306766 0.33994851 0.93850112
        0.30760697 0.34524134 0.93888230
        0.30197599 0.35045780 0.93932972
        0.29617474 0.35559732 0.93984564
        0.29019534 0.36066227 0.94043055
        0.28400624 0.36566272 0.94108118
        0.27759340 0.37060099 0.94179782
        0.27094553 0.37547785 0.94258127
        0.26401920 0.38030307 0.94342832
        0.25680619 0.38507410 0.94434094
        0.24926329 0.38979754 0.94531719
        0.24135106 0.39447677 0.94635647
        0.23304395 0.39911004 0.94745990
        0.22454955 0.40383775 0.94791888
        0.21595386 0.40865276 0.94766916
        0.20731636 0.41351835 0.94678937
        0.19872135 0.41841861 0.94527478
        0.19023057 0.42332634 0.94319245
        0.18187572 0.42820866 0.94066350
        0.17370378 0.43304912 0.93774401
        0.16576065 0.43783392 0.93448851
        0.15808385 0.44255353 0.93094531
        0.15071685 0.44720197 0.92714980
        0.14369479 0.45177320 0.92314627
        0.13703838 0.45626082 0.91899076
        0.13077871 0.46066325 0.91471494
        0.12494533 0.46498014 0.91034649
        0.11959526 0.46921562 0.90588136
        0.11474711 0.47336678 0.90136440
        0.11041989 0.47743637 0.89681222
        0.10664167 0.48142464 0.89224819
        0.10342418 0.48533490 0.88768444
        0.10077906 0.48916913 0.88313663
        0.09871110 0.49292919 0.87862013
        0.09730966 0.49662346 0.87408301
        0.09650479 0.50025068 0.86957504
        0.09624584 0.50381202 0.86512287
        0.09650092 0.50731024 0.86073459
        0.09733926 0.51075184 0.85635832
        0.09868124 0.51413736 0.85202354
        0.10041772 0.51746734 0.84776981
        0.10254357 0.52074581 0.84357808
        0.10511892 0.52397754 0.83939670
        0.10794994 0.52716063 0.83530992
        0.11103428 0.53029902 0.83129562
        0.11444866 0.53339644 0.82729714
        0.11799620 0.53645246 0.82339831
        0.12173324 0.53946979 0.81955819
        0.12565194 0.54245158 0.81575885
        0.12961274 0.54539724 0.81206996
        0.13376180 0.54831131 0.80839194
        0.13793738 0.55119366 0.80480637
        0.14216868 0.55404611 0.80128911
        0.14648133 0.55687084 0.79781298
        0.15074973 0.55966858 0.79444619
        0.15513929 0.56244187 0.79107836
        0.15945400 0.56519092 0.78782705
        0.16382921 0.56791765 0.78459984
        0.16815570 0.57062326 0.78146070
        0.17248911 0.57330902 0.77836849
        0.17679543 0.57597614 0.77534119
        0.18107122 0.57862579 0.77237722
        0.18533225 0.58125897 0.76946194
        0.18953856 0.58387700 0.76661965
        0.19373461 0.58648054 0.76381592
        0.19786251 0.58907113 0.76108892
        0.20197807 0.59164910 0.75839583
        0.20602062 0.59421610 0.75577841
        0.21004339 0.59677234 0.75319468
        0.21399545 0.59931948 0.75068022
        0.21791582 0.60185771 0.74820338
        0.22177323 0.60438842 0.74578584
        0.22558336 0.60691209 0.74341378
        0.22934230 0.60942945 0.74108908
        0.23303563 0.61194175 0.73882024
        0.23669375 0.61444901 0.73658083
        0.24026561 0.61695321 0.73441052
        0.24382048 0.61945329 0.73225052
        0.24726785 0.62195210 0.73017637
        0.25071534 0.62444760 0.72809360
        0.25405952 0.62694336 0.72608828
        0.25737416 0.62943785 0.72409565
        0.26061262 0.63193286 0.72215620
        0.26379183 0.63442876 0.72025129
        0.26692331 0.63692577 0.71836855
        0.26996536 0.63942550 0.71654712
        0.27298778 0.64192655 0.71471824
        0.27591395 0.64443196 0.71295134
        0.27880385 0.64693996 0.71119123
        0.28162110 0.64945262 0.70946759
        0.28436948 0.65197016 0.70777673
        0.28707660 0.65449205 0.70609026
        0.28969317 0.65702064 0.70445385
        0.29227949 0.65955408 0.70280707
        0.29478641 0.66209468 0.70119634
        0.29722957 0.66464219 0.69960549
        0.29962622 0.66719652 0.69801347
        0.30193756 0.66975927 0.69646115
        0.30421357 0.67232918 0.69489216
        0.30641581 0.67490794 0.69334637
        0.30855032 0.67749535 0.69181895
        0.31064369 0.68009145 0.69027257
        0.31265743 0.68269702 0.68875690
        0.31462449 0.68531199 0.68722576
        0.31653182 0.68793652 0.68569766
        0.31836334 0.69057138 0.68419061
        0.32016471 0.69321586 0.68264340
        0.32189316 0.69587089 0.68111247
        0.32356194 0.69853634 0.67957975
        0.32518941 0.70121221 0.67801733
        0.32674753 0.70389892 0.67646510
        0.32825952 0.70659612 0.67489082
        0.32972158 0.70930436 0.67329472
        0.33111979 0.71202312 0.67170506
        0.33248152 0.71475297 0.67007183
        0.33378938 0.71749370 0.66842524
        0.33503864 0.72024476 0.66677917
        0.33625914 0.72300729 0.66507218
        0.33742347 0.72578094 0.66335285
        0.33852858 0.72856879 0.66159231
        0.33964303 0.73135579 0.65984123
        0.34069072 0.73415971 0.65803103
        0.34170081 0.73697388 0.65618557
        0.34271076 0.73979044 0.65432929
        0.34365906 0.74262331 0.65240974
        0.34459900 0.74546081 0.65046725
        0.34552289 0.74830516 0.64848944
        0.34639090 0.75116503 0.64644477
        0.34728627 0.75402283 0.64439156
        0.34814490 0.75689243 0.64227978
        0.34897135 0.75977342 0.64010521
        0.34983186 0.76265135 0.63792151
        0.35064339 0.76554476 0.63565428
        0.35147542 0.76843856 0.63336025
        0.35230447 0.77133844 0.63101218
        0.35309985 0.77425081 0.62858593
        0.35395844 0.77715553 0.62615332
        0.35477932 0.78007417 0.62363071
        0.35563122 0.78299239 0.62106987
        0.35649728 0.78591410 0.61845275
        0.35734937 0.78884529 0.61575407
        0.35827283 0.79176843 0.61303869
        0.35916838 0.79470453 0.61022124
        0.36013369 0.79763314 0.60738248
        0.36110286 0.80056876 0.60445720
        0.36210643 0.80350487 0.60147198
        0.36316256 0.80643793 0.59843878
        0.36422160 0.80937877 0.59530679
        0.36537547 0.81230821 0.59215638
        0.36651593 0.81524921 0.58888530
        0.36777244 0.81817472 0.58560944
        0.36902799 0.82110970 0.58221419
        0.37038245 0.82403342 0.57878832
        0.37176459 0.82696101 0.57526110
        0.37323606 0.82987967 0.57168791
        0.37475726 0.83279800 0.56802499
        0.37636431 0.83570857 0.56430370
        0.37803640 0.83861603 0.56049800
        0.37979814 0.84151534 0.55662829
        0.38163303 0.84441023 0.55267208
        0.38356909 0.84729489 0.54865414
        0.38557875 0.85017543 0.54453900
        0.38770925 0.85304184 0.54037355
        0.38990578 0.85590612 0.53609023
        0.39225132 0.85875043 0.53177866
        0.39464890 0.86159598 0.52731933
        0.39722857 0.86441455 0.52286027
        0.39987651 0.86723139 0.51825352
        0.40267555 0.87002811 0.51359839
        0.40559611 0.87281125 0.50885216
        0.40862782 0.87558357 0.50398646
        0.41184462 0.87832822 0.49909670
        0.41516836 0.88106286 0.49406862
        0.41866035 0.88377381 0.48897314
        0.42232162 0.88646051 0.48380791
        0.42611861 0.88913084 0.47851016
        0.43011097 0.89177096 0.47315546
        0.43429142 0.89438212 0.46772755
        0.43863926 0.89696922 0.46217838
        0.44317862 0.89952664 0.45652686
        0.44796334 0.90204082 0.45085308
