function colors = kb_bw(ncolors)

    cm = [
        0.11822535 0.14870794 0.44086858
        0.12017906 0.15090006 0.44788768
        0.12214486 0.15311977 0.45478402
        0.12410669 0.15532721 0.46170304
        0.12606510 0.15752331 0.46864186
        0.12801885 0.15970430 0.47561430
        0.12996907 0.16187254 0.48261231
        0.13191420 0.16402308 0.48965349
        0.13385528 0.16615797 0.49673069
        0.13579267 0.16827743 0.50384328
        0.13772665 0.17038153 0.51099107
        0.13965653 0.17246728 0.51818436
        0.14158293 0.17453557 0.52541992
        0.14350706 0.17658928 0.53268799
        0.14542773 0.17862361 0.54000457
        0.14734622 0.18064173 0.54735897
        0.14926208 0.18264098 0.55475971
        0.15117656 0.18462465 0.56219588
        0.15308818 0.18658613 0.56968868
        0.15499898 0.18853174 0.57721730
        0.15690866 0.19045911 0.58478915
        0.15881653 0.19236407 0.59241708
        0.16072412 0.19425128 0.60008588
        0.16263155 0.19611998 0.60779762
        0.16453894 0.19796917 0.61555498
        0.16644595 0.19979554 0.62336766
        0.16835332 0.20160064 0.63123028
        0.17026156 0.20338512 0.63914025
        0.17217085 0.20514814 0.64709957
        0.17408153 0.20688930 0.65510876
        0.17599391 0.20860832 0.66316808
        0.17790825 0.21030440 0.67127913
        0.17978012 0.21201145 0.67938977
        0.18156978 0.21372792 0.68754171
        0.18326694 0.21545862 0.69573162
        0.18485891 0.21720847 0.70395807
        0.18631912 0.21900196 0.71217971
        0.18764068 0.22083249 0.72042077
        0.18880400 0.22270868 0.72867566
        0.18977447 0.22465764 0.73690286
        0.19051731 0.22670275 0.74507039
        0.19100457 0.22885493 0.75317183
        0.19117840 0.23116465 0.76112103
        0.19099312 0.23366606 0.76886110
        0.19040245 0.23639951 0.77631463
        0.18935781 0.23942154 0.78335720
        0.18783277 0.24278123 0.78985646
        0.18583647 0.24650804 0.79569275
        0.18341861 0.25060271 0.80078204
        0.18065811 0.25503557 0.80509563
        0.17764973 0.25974914 0.80867184
        0.17448067 0.26467641 0.81159114
        0.17122413 0.26975079 0.81395687
        0.16792697 0.27492642 0.81584592
        0.16461703 0.28016750 0.81732933
        0.16133163 0.28542929 0.81850776
        0.15807999 0.29069741 0.81941828
        0.15486987 0.29595748 0.82010240
        0.15172098 0.30118640 0.82062596
        0.14863553 0.30637925 0.82101241
        0.14561262 0.31153759 0.82126656
        0.14265578 0.31665461 0.82141851
        0.13977467 0.32172376 0.82149575
        0.13697068 0.32674457 0.82151095
        0.13424544 0.33171697 0.82147524
        0.13160210 0.33664084 0.82139915
        0.12904438 0.34151621 0.82129232
        0.12657264 0.34634431 0.82116164
        0.12419122 0.35112546 0.82101515
        0.12189821 0.35586406 0.82084799
        0.11969670 0.36056133 0.82066421
        0.11759283 0.36521521 0.82047920
        0.11558983 0.36982667 0.82029809
        0.11369255 0.37439629 0.82012641
        0.11190185 0.37892567 0.81996723
        0.11020815 0.38342524 0.81979028
        0.10862508 0.38788790 0.81962766
        0.10715644 0.39231370 0.81948631
        0.10580547 0.39670354 0.81936967
        0.10455947 0.40106967 0.81923696
        0.10343347 0.40540260 0.81913084
        0.10242900 0.40970311 0.81905489
        0.10153917 0.41397950 0.81898096
        0.10076913 0.41822950 0.81892335
        0.10012241 0.42245024 0.81890040
        0.09958327 0.42665169 0.81887703
        0.09930484 0.43082357 0.81884752
        0.09921451 0.43497330 0.81881054
        0.09945636 0.43909444 0.81874621
        0.09995622 0.44319129 0.81866709
        0.10067432 0.44726655 0.81857885
        0.10174417 0.45131381 0.81846369
        0.10309180 0.45533710 0.81833235
        0.10467135 0.45933894 0.81819135
        0.10658030 0.46331433 0.81802708
        0.10878840 0.46726467 0.81784342
        0.11122300 0.47119365 0.81764996
        0.11392826 0.47509854 0.81744031
        0.11695394 0.47897623 0.81720604
        0.12018617 0.48283238 0.81696325
        0.12361805 0.48666702 0.81671196
        0.12736587 0.49047282 0.81643333
        0.13130424 0.49425626 0.81614586
        0.13541175 0.49801809 0.81585221
        0.13972754 0.50175529 0.81554507
        0.14426672 0.50546611 0.81522063
        0.14894267 0.50915538 0.81489281
        0.15374703 0.51282317 0.81456259
        0.15875567 0.51646359 0.81421578
        0.16389637 0.52008092 0.81386444
        0.16913548 0.52367712 0.81351437
        0.17447520 0.52725162 0.81316500
        0.17998668 0.53079830 0.81280216
        0.18557000 0.53432443 0.81244482
        0.19121879 0.53783029 0.81209438
        0.19696447 0.54131292 0.81174441
        0.20281367 0.54477127 0.81139322
        0.20870643 0.54821034 0.81105345
        0.21463751 0.55163052 0.81072668
        0.22066673 0.55502599 0.81039962
        0.22674030 0.55840163 0.81008419
        0.23283468 0.56175975 0.80978606
        0.23896333 0.56509907 0.80950243
        0.24516503 0.56841537 0.80922426
        0.25137287 0.57171575 0.80896769
        0.25758366 0.57500084 0.80873383
        0.26385299 0.57826445 0.80850893
        0.27013358 0.58151200 0.80830508
        0.27640561 0.58474607 0.80812792
        0.28270095 0.58796313 0.80796900
        0.28902095 0.59116312 0.80782795
        0.29532305 0.59435158 0.80771706
        0.30162612 0.59752655 0.80763086
        0.30795855 0.60068453 0.80756133
        0.31426591 0.60383297 0.80752454
        0.32056346 0.60697036 0.80751574
        0.32688698 0.61009195 0.80752473
        0.33318008 0.61320601 0.80756836
        0.33946264 0.61631027 0.80764021
        0.34576029 0.61940108 0.80773362
        0.35202432 0.62248630 0.80786222
        0.35828422 0.62556176 0.80801806
        0.36454440 0.62862723 0.80819882
        0.37076667 0.63168906 0.80841736
        0.37700091 0.63473980 0.80865694
        0.38321267 0.63778526 0.80892965
        0.38939211 0.64082773 0.80923756
        0.39559025 0.64385886 0.80956495
        0.40174746 0.64688928 0.80993081
        0.40789950 0.64991330 0.81032301
        0.41403867 0.65293251 0.81074499
        0.42014010 0.65595196 0.81120419
        0.42626031 0.65896174 0.81168143
        0.43233713 0.66197357 0.81219856
        0.43841245 0.66498016 0.81274053
        0.44446781 0.66798536 0.81331358
        0.45049826 0.67099054 0.81391952
        0.45653009 0.67399089 0.81454951
        0.46251896 0.67699562 0.81521862
        0.46852597 0.67999290 0.81590507
        0.47449109 0.68299517 0.81663024
        0.48045807 0.68599391 0.81737840
        0.48639831 0.68899531 0.81816013
        0.49232723 0.69199658 0.81896948
        0.49824271 0.69499849 0.81980710
        0.50413657 0.69800315 0.82067600
        0.51002694 0.70100697 0.82156945
        0.51588800 0.70401593 0.82249690
        0.52175337 0.70702296 0.82344575
        0.52758397 0.71003706 0.82443060
        0.53342437 0.71304855 0.82543458
        0.53922665 0.71606861 0.82647580
        0.54504224 0.71908577 0.82753463
        0.55081823 0.72211256 0.82863122
        0.55660925 0.72513654 0.82974456
        0.56236092 0.72817081 0.83089556
        0.56812771 0.73120272 0.83206308
        0.57385693 0.73424516 0.83326752
        0.57959989 0.73728605 0.83448886
        0.58530848 0.74033737 0.83574585
        0.59102807 0.74338824 0.83702063
        0.59671774 0.74644908 0.83832928
        0.60241430 0.74951094 0.83965733
        0.60808611 0.75258203 0.84101739
        0.61375992 0.75565587 0.84239858
        0.61941598 0.75873773 0.84380873
        0.62506803 0.76182436 0.84524231
        0.63072096 0.76491541 0.84669091
        0.63635874 0.76801554 0.84815895
        0.64197715 0.77112578 0.84965123
        0.64758581 0.77424443 0.85115885
        0.65317207 0.77737420 0.85269493
        0.65875294 0.78051189 0.85424310
        0.66431008 0.78366140 0.85582227
