function colors = kb_bgry(ncolors)

    cm = [
        0.03973905 0.04040393 0.49860935
        0.03259309 0.05934883 0.49000016
        0.02679961 0.07378320 0.48230587
        0.02197508 0.08579857 0.47510860
        0.01803669 0.09616132 0.46838595
        0.01488715 0.10533644 0.46207181
        0.01246009 0.11360264 0.45613679
        0.01069311 0.12115455 0.45054410
        0.00953176 0.12813218 0.44525773
        0.00893868 0.13462889 0.44027140
        0.00887191 0.14072517 0.43555658
        0.00929425 0.14648524 0.43108285
        0.01018093 0.15195070 0.42685138
        0.01150568 0.15715910 0.42285299
        0.01323777 0.16215299 0.41903930
        0.01536357 0.16694654 0.41544001
        0.01785825 0.17157268 0.41200632
        0.02070848 0.17604156 0.40876105
        0.02389597 0.18037718 0.40566420
        0.02740803 0.18458877 0.40272622
        0.03123128 0.18868816 0.39994134
        0.03535408 0.19268959 0.39728553
        0.03976579 0.19660060 0.39475960
        0.04428052 0.20042828 0.39236303
        0.04875329 0.20418023 0.39008872
        0.05318653 0.20786348 0.38792846
        0.05757687 0.21148446 0.38587352
        0.06192199 0.21504838 0.38391870
        0.06621971 0.21855908 0.38206466
        0.07046923 0.22202082 0.38030722
        0.07467038 0.22543761 0.37864162
        0.07882325 0.22881296 0.37706419
        0.08305027 0.23213414 0.37556164
        0.08751614 0.23538633 0.37408153
        0.09220208 0.23857107 0.37262195
        0.09708869 0.24168932 0.37118584
        0.10215680 0.24474206 0.36977664
        0.10738768 0.24773042 0.36839813
        0.11276300 0.25065560 0.36705452
        0.11826485 0.25351901 0.36575045
        0.12387602 0.25632222 0.36449047
        0.12958291 0.25906648 0.36327895
        0.13537871 0.26175204 0.36211975
        0.14123492 0.26438344 0.36101825
        0.14713744 0.26696305 0.35997839
        0.15307322 0.26949340 0.35900375
        0.15903025 0.27197712 0.35809745
        0.16499759 0.27441693 0.35726214
        0.17096531 0.27681562 0.35650002
        0.17692485 0.27917595 0.35581246
        0.18286855 0.28150070 0.35520049
        0.18878973 0.28379260 0.35466463
        0.19468218 0.28605438 0.35420543
        0.20054115 0.28828863 0.35382244
        0.20636270 0.29049783 0.35351484
        0.21214347 0.29268437 0.35328164
        0.21788024 0.29485061 0.35312208
        0.22357046 0.29699880 0.35303504
        0.22921316 0.29913086 0.35301829
        0.23480527 0.30124906 0.35307173
        0.24035781 0.30335192 0.35319126
        0.24586089 0.30544358 0.35337742
        0.25131246 0.30752619 0.35362790
        0.25671195 0.30960139 0.35394115
        0.26205774 0.31167098 0.35431674
        0.26735056 0.31373621 0.35475231
        0.27259879 0.31579572 0.35524569
        0.27780335 0.31785037 0.35579562
        0.28295465 0.31990444 0.35640178
        0.28805265 0.32195916 0.35706310
        0.29309737 0.32401566 0.35777864
        0.29810833 0.32606829 0.35854630
        0.30306632 0.32812458 0.35936694
        0.30797107 0.33018563 0.36024019
        0.31282734 0.33225067 0.36116568
        0.31764658 0.33431630 0.36214340
        0.32241220 0.33638923 0.36317523
        0.32712550 0.33846977 0.36426155
        0.33180563 0.34055126 0.36540406
        0.33643698 0.34263995 0.36660582
        0.34101998 0.34473619 0.36786890
        0.34557548 0.34683204 0.36919771
        0.35009415 0.34893123 0.37059624
        0.35458112 0.35103203 0.37206687
        0.35906667 0.35312197 0.37361705
        0.36354695 0.35520307 0.37524461
        0.36804420 0.35726652 0.37694946
        0.37259309 0.35929857 0.37872754
        0.37719885 0.36129847 0.38056316
        0.38190129 0.36325069 0.38244301
        0.38670991 0.36515308 0.38434295
        0.39163140 0.36700438 0.38623971
        0.39668883 0.36879553 0.38811569
        0.40185405 0.37053971 0.38994884
        0.40714670 0.37222796 0.39173181
        0.41253364 0.37387451 0.39345498
        0.41801509 0.37547834 0.39511684
        0.42358130 0.37704267 0.39671785
        0.42921063 0.37857617 0.39825964
        0.43491653 0.38007134 0.39974742
        0.44065980 0.38154523 0.40118368
        0.44647508 0.38298045 0.40257461
        0.45231535 0.38439828 0.40392235
        0.45821432 0.38578168 0.40523208
        0.46413594 0.38714725 0.40650631
        0.47010537 0.38848198 0.40774881
        0.47609698 0.38979783 0.40896190
        0.48212899 0.39108513 0.41014832
        0.48818281 0.39235271 0.41131000
        0.49427244 0.39359292 0.41244894
        0.50038302 0.39481297 0.41356673
        0.50652719 0.39600585 0.41466482
        0.51269067 0.39717867 0.41574449
        0.51888754 0.39832357 0.41680677
        0.52510107 0.39944919 0.41785276
        0.53135022 0.40054491 0.41888283
        0.53762789 0.40161676 0.41987463
        0.54390828 0.40267974 0.42082185
        0.55023377 0.40371006 0.42172193
        0.55655931 0.40473303 0.42257598
        0.56292909 0.40572336 0.42338086
        0.56930055 0.40670549 0.42413760
        0.57571123 0.40765750 0.42484305
        0.58212958 0.40859786 0.42549766
        0.58857803 0.40951326 0.42609850
        0.59504584 0.41041008 0.42664450
        0.60152881 0.41129085 0.42713475
        0.60804654 0.41214346 0.42756633
        0.61455912 0.41299274 0.42794024
        0.62112124 0.41380444 0.42825050
        0.62766914 0.41461911 0.42849847
        0.63425493 0.41540347 0.42867970
        0.64085560 0.41617232 0.42879329
        0.64746119 0.41693264 0.42883591
        0.65410470 0.41766241 0.42880458
        0.66073928 0.41839347 0.42869707
        0.66739296 0.41910697 0.42851131
        0.67408106 0.41979287 0.42823914
        0.68074661 0.42049046 0.42788503
        0.68743167 0.42117122 0.42744079
        0.69414135 0.42183197 0.42689972
        0.70083959 0.42249853 0.42626302
        0.70753406 0.42316627 0.42552509
        0.71424002 0.42382483 0.42467918
        0.72095214 0.42447862 0.42372049
        0.72764381 0.42514813 0.42264665
        0.73431530 0.42583433 0.42145218
        0.74097643 0.42653089 0.42013033
        0.74762121 0.42724360 0.41867384
        0.75423979 0.42798101 0.41707932
        0.76082308 0.42875152 0.41534167
        0.76736079 0.42956459 0.41345649
        0.77384169 0.43043064 0.41141993
        0.78024859 0.43136481 0.40923142
        0.78657493 0.43237407 0.40688881
        0.79280740 0.43347063 0.40439331
        0.79892295 0.43467453 0.40175061
        0.80490573 0.43599990 0.39896890
        0.81073950 0.43746084 0.39606051
        0.81640715 0.43907188 0.39304196
        0.82189269 0.44084622 0.38993332
        0.82718118 0.44279552 0.38676076
        0.83226093 0.44492840 0.38355142
        0.83712350 0.44725030 0.38033425
        0.84176445 0.44976307 0.37713731
        0.84618081 0.45246697 0.37398828
        0.85036359 0.45536735 0.37091151
        0.85433743 0.45844144 0.36792261
        0.85811184 0.46167919 0.36503621
        0.86169806 0.46506929 0.36226296
        0.86510841 0.46859968 0.35960976
        0.86835568 0.47225832 0.35707907
        0.87145262 0.47603336 0.35467099
        0.87441158 0.47991353 0.35238331
        0.87724504 0.48388740 0.35021578
        0.87994343 0.48796187 0.34816552
        0.88253221 0.49211521 0.3462286 
        0.88502323 0.49633748 0.34439682
        0.88742620 0.50062030 0.34266577
        0.88975025 0.50495593 0.34103093
        0.89199805 0.50934182 0.33948874
        0.89414297 0.51379802 0.33804017
        0.89622932 0.51828975 0.33667436
        0.89826386 0.52281176 0.33538609
        0.90023434 0.52737316 0.33417403
        0.90212513 0.53198521 0.33303785
        0.90397894 0.53661577 0.33196642
        0.90579227 0.54126726 0.33096028
        0.90752221 0.54597110 0.33002158
        0.90922893 0.55068294 0.32913941
        0.91089201 0.55541780 0.32831278
        0.91249100 0.56018984 0.32754650
        0.91407598 0.56496363 0.32682538
