function colors = kb_mry_dark(ncolors)

    cm = [
        0.14976882 0.07492048 0.28815177
        0.15575950 0.07517483 0.29374580
        0.16167010 0.07541362 0.29931359
        0.16757777 0.07555673 0.30491429
        0.17349853 0.07558441 0.31055898
        0.17943314 0.07549279 0.31624634
        0.18538434 0.07527487 0.32197697
        0.19135353 0.07492442 0.32775052
        0.19734542 0.07442967 0.33356979
        0.20336233 0.07378062 0.33943566
        0.20940248 0.07297189 0.34534540
        0.21546684 0.07199312 0.35129887
        0.22155893 0.07082823 0.35729843
        0.22768193 0.06945901 0.36334633
        0.23383301 0.06787495 0.36943920
        0.24001454 0.06605403 0.37557866
        0.24622923 0.06396934 0.38176680
        0.25247535 0.06159773 0.38800149
        0.25875317 0.05890670 0.39428254
        0.26506112 0.05586025 0.40060802
        0.27139941 0.05247533 0.40688409
        0.27775159 0.04896990 0.41280242
        0.28411422 0.04536662 0.41833894
        0.29046682 0.04176764 0.42343038
        0.29679811 0.03819082 0.42811149
        0.30309288 0.03486568 0.43236695
        0.30933660 0.03191210 0.43616835
        0.31552511 0.02930542 0.43957738
        0.32164871 0.02711371 0.44257157
        0.32770588 0.02531852 0.44519692
        0.33369486 0.02392617 0.44747252
        0.33961648 0.02292874 0.44942335
        0.34547317 0.02231120 0.45107529
        0.35126932 0.02203337 0.45247184
        0.35700481 0.02212380 0.45359874
        0.36268969 0.02249801 0.45452329
        0.36832460 0.02315980 0.45525050
        0.37391451 0.02410664 0.45577744
        0.37946596 0.02527810 0.45615225
        0.38498248 0.02665720 0.45638783
        0.39046773 0.02822663 0.45649582
        0.39592522 0.02999181 0.45646514
        0.40135930 0.03191113 0.45632727
        0.40677385 0.03396446 0.45609304
        0.41217134 0.03613816 0.45577091
        0.41755517 0.03841711 0.45536692
        0.42292839 0.04078072 0.45488660
        0.42829344 0.04313593 0.45433551
        0.43365147 0.04547755 0.45372073
        0.43900660 0.04779262 0.45304319
        0.44435867 0.05007734 0.45231090
        0.44971157 0.05232188 0.45152358
        0.45506505 0.05452444 0.45068817
        0.46042251 0.05667790 0.44980400
        0.46578388 0.05878137 0.44887660
        0.47115104 0.06083128 0.44790716
        0.47652576 0.06282913 0.44689047
        0.48190868 0.06477846 0.44582263
        0.48729996 0.06667047 0.44471863
        0.49270166 0.06850224 0.44357759
        0.49811449 0.07027311 0.44240113
        0.50353909 0.07198260 0.44119066
        0.50897638 0.07363549 0.43993814
        0.51442732 0.07523598 0.43863529
        0.51989184 0.07677380 0.43730080
        0.52537045 0.07824870 0.43593537
        0.53086358 0.07966060 0.43453978
        0.53637321 0.08102183 0.43308607
        0.54189861 0.08232111 0.43159784
        0.54743983 0.08355636 0.43008015
        0.55299717 0.08472807 0.42853223
        0.55857340 0.08584849 0.42691965
        0.56416640 0.08690383 0.42527796
        0.56977629 0.08789406 0.42360750
        0.57540507 0.08882650 0.42188498
        0.58105169 0.08969928 0.42011920
        0.58671582 0.09050555 0.41832466
        0.59239927 0.09124940 0.41648349
        0.59810296 0.09193175 0.41458788
        0.60382295 0.09254856 0.41266716
        0.60956624 0.09309450 0.41069001
        0.61530612 0.09363381 0.40868885
        0.62106728 0.09410787 0.40663067
        0.62683657 0.09455377 0.40452073
        0.63260960 0.09498330 0.40236264
        0.63840054 0.09535723 0.40014537
        0.64419947 0.09570353 0.39787406
        0.64999673 0.09605106 0.39555251
        0.65580871 0.09635295 0.39316899
        0.66163386 0.09661332 0.39072328
        0.66744645 0.09690797 0.38823224
        0.67326929 0.09717101 0.38567818
        0.67910157 0.09740499 0.38306003
        0.68493396 0.09763830 0.38038306
        0.69075777 0.09789839 0.37765246
        0.69658689 0.09814408 0.37485634
        0.70241968 0.09838091 0.37199424
        0.70824855 0.09863333 0.36907055
        0.71406327 0.09893483 0.36609178
        0.71987699 0.09924555 0.36304614
        0.72568790 0.09957230 0.35993324
        0.73149397 0.09992266 0.35675329
        0.73728375 0.10033506 0.35351423
        0.74305734 0.10081102 0.35021460
        0.74882047 0.10133343 0.34684818
        0.75457091 0.10191103 0.34341531
        0.76030648 0.10255253 0.33991585
        0.76602559 0.10326552 0.33634720
        0.77172037 0.10407664 0.33271724
        0.77738582 0.10500382 0.32902900
        0.78302753 0.10602984 0.32527479
        0.78864313 0.10716367 0.32145390
        0.79422912 0.10841654 0.31757027
        0.79978323 0.10979672 0.31362228
        0.80530234 0.11131392 0.30961177
        0.81078321 0.11297756 0.30554097
        0.81622327 0.11479523 0.30140855
        0.82161867 0.11677632 0.29721953
        0.82696690 0.11892699 0.29297132
        0.83226398 0.12125527 0.28866948
        0.83750676 0.12376686 0.28431476
        0.84269188 0.12646693 0.27990873
        0.84781553 0.12936032 0.27545627
        0.85287458 0.13245003 0.27095723
        0.85786528 0.13573886 0.26641636
        0.86278403 0.13922836 0.26183768
        0.86762737 0.14291897 0.25722479
        0.87239199 0.14681019 0.25258003
        0.87707439 0.15090057 0.24790931
        0.88167133 0.15518765 0.24321712
        0.88617969 0.15966801 0.23850859
        0.89059654 0.16433738 0.23378896
        0.89491912 0.16919062 0.22906384
        0.89913591 0.17424462 0.22434880
        0.90325071 0.17947623 0.21964379
        0.90726413 0.18487167 0.21495186
        0.91117463 0.19042290 0.21027934
        0.91498102 0.19612142 0.20563266
        0.91868245 0.20195848 0.20101795
        0.92227843 0.20792506 0.19644147
        0.92576809 0.21401356 0.19191018
        0.92914032 0.22023778 0.18744426
        0.93240797 0.22656219 0.18303439
        0.93557199 0.23297768 0.17868606
        0.93863360 0.23947542 0.17440430
        0.94159427 0.24604689 0.17019391
        0.94445568 0.25268395 0.16605935
        0.94721983 0.25937861 0.16200525
        0.94988875 0.26612358 0.15803548
        0.95246148 0.27291851 0.15414182
        0.95497997 0.27969169 0.15027318
        0.95744504 0.28644508 0.14641274
        0.95985560 0.29318236 0.14256077
        0.96220964 0.29990801 0.13872235
        0.96450527 0.30662590 0.13490377
        0.96674059 0.31333960 0.13111209
        0.96891354 0.32005258 0.12735503
        0.97102248 0.32676734 0.12364259
        0.97306107 0.33349184 0.12000804
        0.97502943 0.34022579 0.11645621
        0.97692809 0.34696841 0.11299045
        0.97875536 0.35372146 0.10962675
        0.98050989 0.36048605 0.10638367
        0.98218766 0.36726608 0.10329693
        0.98378382 0.37406593 0.10041240
        0.98530292 0.38087996 0.09772067
        0.98674406 0.38770832 0.09524858
        0.98810654 0.39455090 0.09302468
        0.98938130 0.40141567 0.09113407
        0.99057427 0.40829566 0.08956632
        0.99168674 0.41518868 0.08833986
        0.99271871 0.42209380 0.08748282
        0.99366189 0.42901760 0.08707899
        0.99452212 0.43595360 0.08711223
        0.99530240 0.44289817 0.08758163
        0.99600343 0.44984987 0.08849880
        0.99661631 0.45681541 0.08993604
        0.99714984 0.46378630 0.09183817
        0.99760692 0.47075943 0.09418684
        0.99798872 0.47773324 0.09697079
        0.99828645 0.48471409 0.10023996
        0.99851075 0.49169281 0.10391478
        0.99866428 0.49866697 0.10796624
        0.99874861 0.50563507 0.11237180
        0.99875782 0.51260116 0.11715263
        0.99869839 0.51956009 0.12225556
        0.99857530 0.52650811 0.12763998
        0.99839045 0.53344386 0.13328459
        0.99814528 0.54036642 0.13916967
        0.99783266 0.54728058 0.14532269
        0.99746366 0.55417893 0.15167661
        0.99704024 0.56106038 0.15821563
        0.99656405 0.56792416 0.16492575
