function colors = kb_mbcgy(ncolors)

    cm = [
        0.60667301 0.08738867 0.42783488
        0.60595679 0.09412070 0.43692526
        0.60533648 0.10026919 0.44575594
        0.60473657 0.10602358 0.45453933
        0.60415516 0.11143587 0.46328732
        0.60358503 0.11655272 0.47202695
        0.60302739 0.12140203 0.48076228
        0.60248920 0.12600087 0.48948136
        0.60196558 0.13037431 0.49820560
        0.60145676 0.13453816 0.50694242
        0.60096659 0.13850266 0.51568907
        0.60049595 0.14227859 0.52445126
        0.60004188 0.14587731 0.53324646
        0.59961011 0.14930267 0.54206639
        0.59920473 0.15255920 0.55090711
        0.59881796 0.15565638 0.55980171
        0.59845805 0.15859431 0.56873351
        0.59812164 0.16137778 0.57772248
        0.59781455 0.16400730 0.58675864
        0.59753109 0.16648618 0.59587065
        0.59727973 0.16881353 0.60503869
        0.59705336 0.17099074 0.61429750
        0.59685721 0.17301661 0.62363818
        0.59669362 0.17489039 0.63306130
        0.59656031 0.17661042 0.64258516
        0.59645660 0.17817386 0.65222299
        0.59638655 0.17957856 0.66196830
        0.59634936 0.18082072 0.67183441
        0.59634690 0.18189687 0.68182319
        0.59632962 0.18293785 0.69182229
        0.59625683 0.18400594 0.70183475
        0.59612794 0.18509517 0.71187290
        0.59593994 0.18620951 0.72193570
        0.59568741 0.18735710 0.73202101
        0.59536530 0.18854704 0.74212317
        0.59495762 0.18982541 0.75219549
        0.59446697 0.19117574 0.76225987
        0.59388830 0.19260398 0.77231571
        0.59321143 0.19413615 0.78233745
        0.59242100 0.19581318 0.79228431
        0.59152149 0.19760950 0.80218745
        0.59049985 0.19955902 0.81201087
        0.58933990 0.20170338 0.82171042
        0.58804777 0.20401117 0.83131984
        0.58659760 0.20655614 0.84075469
        0.58499303 0.20931229 0.85004072
        0.58321875 0.21231695 0.85912909
        0.58126507 0.21558414 0.86799730
        0.57912587 0.21912004 0.87662537
        0.57678924 0.22294783 0.88497070
        0.57424806 0.22706974 0.89301531
        0.57149719 0.23148883 0.90073106
        0.56852250 0.23622746 0.90806766
        0.56533347 0.24124355 0.91504686
        0.56190240 0.24659986 0.92155707
        0.55825051 0.25221996 0.92766063
        0.55436209 0.25813316 0.93328103
        0.55024150 0.26431428 0.93840998
        0.54590117 0.27071752 0.94307108
        0.54132388 0.27737927 0.94716591
        0.53653645 0.28422063 0.95076824
        0.53154155 0.29123013 0.95385395
        0.52633979 0.29840318 0.95638654
        0.52095781 0.30567235 0.95843955
        0.51539275 0.31304833 0.95995566
        0.50966636 0.32048050 0.96099251
        0.50379314 0.32794262 0.96156874
        0.49777688 0.33543213 0.96166303
        0.49164819 0.34289007 0.96137164
        0.48539739 0.35034498 0.96061912
        0.47906373 0.35772571 0.95954281
        0.47263496 0.36506671 0.95805934
        0.46614020 0.37231048 0.95630271
        0.45959889 0.37940608 0.95442337
        0.45297993 0.38635092 0.95250866
        0.44629658 0.39315620 0.95052182
        0.43953013 0.39982816 0.94849340
        0.43269698 0.40637503 0.94638668
        0.42577717 0.41280153 0.94423411
        0.41878735 0.41911479 0.94199894
        0.41171018 0.42531856 0.93970842
        0.40455525 0.43141838 0.93733963
        0.39731651 0.43741779 0.93489991
        0.38999063 0.44332029 0.93239105
        0.38258792 0.44912995 0.92979178
        0.37509343 0.45484869 0.92712472
        0.36751844 0.46047979 0.92436889
        0.35986049 0.46602511 0.92152814
        0.35211150 0.47148669 0.91861179
        0.34428826 0.47686627 0.91559767
        0.33638234 0.48216535 0.91249722
        0.32839003 0.48738523 0.90931579
        0.32032743 0.49252661 0.90603777
        0.31219340 0.49759049 0.90266726
        0.30398128 0.50257813 0.89921291
        0.29569819 0.50748985 0.89567224
        0.28736867 0.51232521 0.89202953
        0.27897602 0.51708562 0.88830413
        0.27052568 0.52177147 0.88449686
        0.26203121 0.52638267 0.88060411
        0.25351451 0.53091868 0.87661912
        0.24496336 0.53538081 0.87255795
        0.23638631 0.53976934 0.86842304
        0.22779547 0.54408442 0.86421582
        0.21923067 0.54832482 0.85992559
        0.21067466 0.55249248 0.85557169
        0.20214007 0.55658787 0.85115793
        0.19364063 0.56061156 0.84668840
        0.18522513 0.56456254 0.84215514
        0.17689199 0.56844254 0.83757133
        0.16864985 0.57225297 0.83294550
        0.16050671 0.57599541 0.82828586
        0.15248942 0.57967111 0.82359259
        0.14460445 0.58328196 0.81887512
        0.13683770 0.58683073 0.81414728
        0.12919576 0.59031956 0.80941474
        0.12176655 0.59374797 0.80466405
        0.11449175 0.59712059 0.79991786
        0.10737245 0.60043994 0.79518181
        0.10050681 0.60370585 0.79044239
        0.09384619 0.60692235 0.78571772
        0.08736971 0.61009287 0.78101439
        0.08123691 0.61321611 0.77631201
        0.07531546 0.61629798 0.77163813
        0.06968968 0.61933947 0.76698178
        0.06439503 0.62234233 0.76234437
        0.05935137 0.62531111 0.75773633
        0.05475166 0.62824432 0.75314075
        0.05038202 0.63114888 0.74857908
        0.04650791 0.63402208 0.74402902
        0.04287424 0.63687089 0.73951208
        0.03972995 0.63969310 0.73500627
        0.03686705 0.64249494 0.73053201
        0.03460089 0.64527403 0.72606522
        0.03257867 0.64803697 0.72162644
        0.03104453 0.65078084 0.71719257
        0.02969367 0.65351152 0.71277950
        0.02864001 0.65622815 0.70837270
        0.02777784 0.65893337 0.70397351
        0.02700031 0.66162969 0.69958382
        0.02646641 0.66431541 0.69518650
        0.02591653 0.66699551 0.69079339
        0.02543955 0.66966922 0.68639301
        0.02502706 0.67233744 0.68197971
        0.02453030 0.67500322 0.67755784
        0.02404979 0.67766552 0.67311544
        0.02355425 0.68032547 0.66864847
        0.02293430 0.68298534 0.66415931
        0.02223750 0.68564487 0.65963932
        0.02154181 0.68830330 0.65507803
        0.02071060 0.69096319 0.65048006
        0.01974871 0.69362490 0.64583967
        0.01875943 0.69628708 0.64114609
        0.01772180 0.69895028 0.63639737
        0.01666524 0.70161458 0.63158433
        0.01576641 0.70427633 0.62670408
        0.01521674 0.70693153 0.62175422
        0.01507406 0.70957945 0.61672894
        0.01530471 0.71222146 0.61162041
        0.01598451 0.71485623 0.60642456
        0.01745609 0.71747624 0.60114468
        0.01956253 0.72008572 0.59576998
        0.02237375 0.72268360 0.59029536
        0.02621618 0.72526278 0.58472478
        0.03102490 0.72782536 0.57904968
        0.03681832 0.73037147 0.57326393
        0.04385110 0.73289239 0.56737467
        0.05132206 0.73539233 0.56137007
        0.05917585 0.73786861 0.55524872
        0.06751253 0.74031459 0.54901561
        0.07607085 0.74273520 0.54265689
        0.08501504 0.74512156 0.53618174
        0.09417995 0.74747651 0.52958098
        0.10359447 0.74979603 0.52285584
        0.11325305 0.75207723 0.51600671
        0.12308410 0.75432084 0.50902606
        0.13315683 0.75652026 0.50192149
        0.14336106 0.75867887 0.49468264
        0.15378729 0.76078849 0.48731905
        0.16432965 0.76285325 0.47981829
        0.17506228 0.76486527 0.47219204
        0.18591093 0.76682750 0.46442797
        0.19691194 0.76873441 0.45653513
        0.20803753 0.77058584 0.44850692
        0.21927420 0.77238048 0.44034386
        0.23064875 0.77411333 0.43205086
        0.24209594 0.77578850 0.42361551
        0.25368840 0.77739605 0.41505448
        0.26534984 0.77894187 0.40635140
        0.27710210 0.78042145 0.39751115
        0.28895035 0.78183184 0.38853679
        0.30085287 0.78317632 0.37941518
        0.31284522 0.78444818 0.37015791
