function colors = kb_mrygc(ncolors)

    cm = [
        0.67845062 0.14226933 0.83171098
        0.68182344 0.14885409 0.82341719
        0.68519872 0.15465076 0.81574532
        0.68863220 0.15989845 0.80830209
        0.69212422 0.16466937 0.80105946
        0.69568041 0.16902499 0.79396767
        0.69929763 0.17300425 0.78702650
        0.70297320 0.17664084 0.78023296
        0.70671381 0.17996805 0.77354305
        0.71051205 0.18300582 0.76697788
        0.71436357 0.18577471 0.76054232
        0.71828150 0.18829542 0.75417200
        0.72224963 0.19058048 0.74792094
        0.72627617 0.19264420 0.74174669
        0.73036175 0.19449721 0.73563818
        0.73449869 0.19615040 0.72961360
        0.73868794 0.19761274 0.72365992
        0.74293436 0.19889009 0.71775225
        0.74723640 0.19998876 0.71188821
        0.75159048 0.20091547 0.70607133
        0.75599573 0.20167540 0.70029639
        0.76045156 0.20227285 0.69455733
        0.76495811 0.20271099 0.68884630
        0.76951485 0.20299272 0.68315765
        0.77412117 0.20312041 0.67748608
        0.77877560 0.20309659 0.67182890
        0.78347811 0.20292224 0.66617943
        0.78822808 0.20259823 0.66053285
        0.79302332 0.20212640 0.65488859
        0.79786418 0.20150597 0.64923946
        0.80275128 0.20073523 0.64357787
        0.80768783 0.19980915 0.63788989
        0.81266635 0.19873301 0.63218900
        0.81768626 0.19750501 0.62647093
        0.82274665 0.19612322 0.62073243
        0.82784612 0.19458579 0.61497163
        0.83298834 0.19288405 0.60917430
        0.83817599 0.19100929 0.60332915
        0.84339970 0.18896744 0.59745419
        0.84865806 0.18675432 0.59154803
        0.85394968 0.18436502 0.58560936
        0.85929045 0.18176823 0.57959581
        0.86466301 0.17897912 0.57354472
        0.87006541 0.17599068 0.56745658
        0.87550041 0.17278700 0.56132079
        0.88097981 0.16933403 0.55510553
        0.88639894 0.16588904 0.54885546
        0.89178113 0.16243065 0.54247412
        0.89707423 0.15910819 0.53597793
        0.90229320 0.15589124 0.52936194
        0.90745580 0.15273745 0.52261810
        0.91255408 0.14967808 0.51574840
        0.91754923 0.14684436 0.50876893
        0.92243863 0.14426333 0.50168161
        0.92724208 0.14188944 0.49447683
        0.93195023 0.13976786 0.48716081
        0.93655384 0.13794560 0.47973988
        0.94103833 0.13648950 0.47222379
        0.94536728 0.13554574 0.46463193
        0.94956731 0.13503565 0.45695716
        0.95362912 0.13500172 0.44920947
        0.95754382 0.13548116 0.44139842
        0.96130208 0.13650526 0.43353879
        0.96489575 0.13809601 0.42564205
        0.96831671 0.14026626 0.41772387
        0.97155771 0.14301836 0.40980025
        0.97461250 0.14634453 0.40188576
        0.97747557 0.15022689 0.39399920
        0.98013743 0.15465601 0.38616084
        0.98259344 0.15960212 0.37838880
        0.98484944 0.16500078 0.37069608
        0.98690478 0.17081006 0.36309944
        0.98876018 0.17698580 0.35561459
        0.99041776 0.18348285 0.34825646
        0.99188094 0.19025670 0.34103796
        0.99315426 0.19726446 0.33396999
        0.99424342 0.20446507 0.32706237
        0.99515510 0.21182010 0.32032299
        0.99589636 0.21929547 0.31375602
        0.99647547 0.22685820 0.30736682
        0.99690042 0.23448099 0.30115566
        0.99718010 0.24213778 0.29512383
        0.99732299 0.24980719 0.28926905
        0.99730450 0.25753344 0.28361649
        0.99716256 0.26524006 0.27813751
        0.99690708 0.27290974 0.27282835
        0.99654662 0.28052995 0.26768399
        0.99608882 0.28809148 0.26269713
        0.99554161 0.29558555 0.25786148
        0.99485993 0.30308845 0.25321289
        0.99409968 0.31051234 0.24870596
        0.99326902 0.31785057 0.24433248
        0.99237468 0.32509932 0.24008494
        0.99138090 0.33231545 0.23599114
        0.99030925 0.33947078 0.23203124
        0.98918927 0.34652918 0.22817778
        0.98802606 0.35349016 0.22442406
        0.98674933 0.36044999 0.22082889
        0.98543860 0.36730817 0.21732278
        0.98409720 0.37406700 0.21389641
        0.98266242 0.38080725 0.21060424
        0.98118859 0.38746557 0.20739869
        0.97969419 0.39402563 0.20425482
        0.97810706 0.40057324 0.20124316
        0.97649266 0.40703701 0.19829460
        0.97485751 0.41341383 0.19540741
        0.97312926 0.41978468 0.19264097
        0.97139752 0.42605632 0.18991467
        0.96960722 0.43228966 0.18727497
        0.96776962 0.43847500 0.18470862
        0.96592722 0.44457260 0.18217803
        0.96399077 0.45067209 0.17976384
        0.96206023 0.45667885 0.17736633
        0.96005803 0.46266848 0.17506274
        0.95803604 0.46859420 0.17280098
        0.95597481 0.47447602 0.17059624
        0.95386209 0.48032619 0.16846010
        0.95173712 0.48611194 0.16635077
        0.94953649 0.49188929 0.16433334
        0.94734450 0.49758805 0.16231815
        0.94505829 0.50329528 0.16041315
        0.94279290 0.50891761 0.15849460
        0.94042616 0.51455484 0.15669325
        0.93807962 0.52011124 0.15487585
        0.93563749 0.52567842 0.15316775
        0.93321115 0.53117145 0.15144629
        0.93069035 0.53667471 0.14983233
        0.92818540 0.54210674 0.14820184
        0.92558179 0.54755224 0.14668252
        0.92299913 0.55292552 0.14513801
        0.92030871 0.55831865 0.14371395
        0.91763761 0.56364313 0.14226354
        0.91486775 0.56898097 0.14092181
        0.91207524 0.57428189 0.13954851
        0.90925772 0.57954438 0.13828647
        0.90638139 0.58479621 0.13699737
        0.90347270 0.59001616 0.13580487
        0.90050773 0.59522322 0.13461332
        0.89750388 0.60040368 0.13351177
        0.89444329 0.60557119 0.13243044
        0.89133944 0.61071535 0.13144262
        0.88817597 0.61584816 0.13048454
        0.88496715 0.62095882 0.12963512
        0.88169314 0.62606144 0.12881354
        0.87837417 0.63114113 0.12812897
        0.87498150 0.63621781 0.12745715
        0.87154696 0.64126877 0.12696558
        0.86802690 0.64632355 0.12645666
        0.86447102 0.65134783 0.12618781
        0.86082193 0.65637941 0.12589645
        0.85712728 0.66138592 0.12583820
        0.85334553 0.66639395 0.12581749
        0.84949904 0.67138821 0.12596165
        0.84557895 0.67637354 0.12624560
        0.84156418 0.68136162 0.12660203
        0.83749313 0.68632819 0.12722366
        0.83331790 0.69130144 0.12789029
        0.82906922 0.69626117 0.12879784
        0.82472918 0.70121733 0.12985875
        0.82027781 0.70617972 0.13101118
        0.81576154 0.71112043 0.13250155
        0.81112641 0.71606865 0.13409481
        0.80638155 0.72101741 0.13586029
        0.80155023 0.72595219 0.13794112
        0.79659269 0.73089311 0.14016409
        0.79150893 0.73583757 0.14257706
        0.78633158 0.74076678 0.14534549
        0.78101646 0.74570168 0.14829702
        0.77555959 0.75064169 0.15144907
        0.76998646 0.75557173 0.15493897
        0.76427749 0.76049912 0.15871708
        0.75841506 0.76542979 0.16273824
        0.75239633 0.77036223 0.16702058
        0.74623406 0.77528769 0.17164065
        0.73993059 0.78020261 0.17662552
        0.73346268 0.78511472 0.18191252
        0.72682958 0.79002141 0.18751896
        0.72002870 0.79492060 0.19346307
        0.71306125 0.79980887 0.19976144
        0.70593128 0.80468187 0.20642893
        0.69865591 0.80952988 0.21352684
        0.69122706 0.81435412 0.22101850
        0.68365021 0.81915035 0.22890761
        0.67593391 0.82391325 0.23720631
        0.66809566 0.82863520 0.24592089
        0.66015507 0.83330846 0.25505572
        0.65213589 0.83792468 0.26461195
        0.64406700 0.84247476 0.27458645
        0.63598265 0.84694904 0.28497139
        0.62792224 0.85133745 0.29575390
        0.61993138 0.85562927 0.30692036
        0.61208067 0.85980765 0.31847893
        0.60440186 0.86386948 0.33036654
