function colors = kb_mry_light(ncolors)

    cm = [
        0.33029058 0.34194727 0.56025995
        0.33579762 0.34208080 0.56483952
        0.34118154 0.34223852 0.56939821
        0.34654790 0.34236811 0.57400562
        0.35190490 0.34246567 0.57866493
        0.35726585 0.34252410 0.58338380
        0.36263291 0.34254201 0.58816191
        0.36800368 0.34252062 0.59299538
        0.37338918 0.34245321 0.59789120
        0.37878934 0.34233930 0.60284774
        0.38420354 0.34217871 0.60786293
        0.38963498 0.34196886 0.61293794
        0.39508422 0.34170867 0.61807184
        0.40055851 0.34139264 0.62326963
        0.40605641 0.34102064 0.62852897
        0.41157455 0.34059393 0.63384568
        0.41712067 0.34010612 0.63922565
        0.42269441 0.33955612 0.64466767
        0.42829322 0.33894439 0.65016845
        0.43392348 0.33826486 0.65573313
        0.43958419 0.33751657 0.66136006
        0.44527132 0.33670090 0.66704466
        0.45099843 0.33580554 0.67279940
        0.45675360 0.33483766 0.67861219
        0.46253856 0.33379395 0.68448414
        0.46836698 0.33266087 0.69042833
        0.47422783 0.33144489 0.69643350
        0.48011488 0.33016924 0.70240940
        0.48605814 0.32882779 0.70829785
        0.49205635 0.32742735 0.71406692
        0.49810795 0.32596472 0.71972644
        0.50421043 0.32444064 0.72527274
        0.51036049 0.32285918 0.73069197
        0.51654971 0.32123548 0.73594337
        0.52277798 0.31956218 0.74105119
        0.52904174 0.31784301 0.74600669
        0.53532938 0.31610028 0.75075740
        0.54164177 0.31432510 0.75533244
        0.54797335 0.31252299 0.75972639
        0.55431219 0.31072004 0.76388204
        0.56065905 0.30890474 0.76784013
        0.56700703 0.30708861 0.77158326
        0.57334588 0.30529217 0.77507629
        0.57967614 0.30350607 0.77835477
        0.58598836 0.30174960 0.78138869
        0.59227750 0.30003043 0.78417586
        0.59854248 0.29834445 0.78674077
        0.60477291 0.29671675 0.78904346
        0.61096879 0.29514128 0.79111303
        0.61712871 0.29361811 0.79296281
        0.62324170 0.29217541 0.79454969
        0.62931262 0.29079631 0.79592119
        0.63533904 0.28948411 0.79708428
        0.64131353 0.28826197 0.79800308
        0.64723968 0.28711466 0.79872193
        0.65311841 0.28604131 0.79924969
        0.65894555 0.28505452 0.79957177
        0.66472116 0.28415331 0.79970000
        0.67044905 0.28332806 0.79965827
        0.67612970 0.28257852 0.79945320
        0.68176126 0.28191252 0.79907561
        0.68734474 0.28132771 0.79853598
        0.69288409 0.28081436 0.79785516
        0.69838092 0.28037037 0.79703932
        0.70383647 0.27999379 0.79609491
        0.70925228 0.27968270 0.79502686
        0.71462748 0.27944343 0.79382487
        0.71996669 0.27926284 0.79251396
        0.72527201 0.27913782 0.79109910
        0.73054510 0.27906556 0.78958557
        0.73578711 0.27904359 0.78797912
        0.74100067 0.27906824 0.78628335
        0.74618741 0.27913658 0.78450284
        0.75134934 0.27924541 0.78264144
        0.75648748 0.27939230 0.78070414
        0.76160403 0.27957389 0.77869398
        0.76670133 0.27978674 0.77661339
        0.77177928 0.28002935 0.77446843
        0.77684230 0.28029668 0.77225754
        0.78184265 0.28066653 0.76994592
        0.78677477 0.28115871 0.76750215
        0.79163407 0.28178001 0.76492836
        0.79641809 0.28253530 0.76222321
        0.80112190 0.28343073 0.75939117
        0.80574202 0.28447088 0.75643476
        0.81027560 0.28565938 0.75335594
        0.81471882 0.28699985 0.75016022
        0.81906869 0.28849468 0.74685233
        0.82332252 0.29014538 0.74343761
        0.82747238 0.29196160 0.73991821
        0.83151947 0.29393732 0.73630397
        0.83546390 0.29606838 0.73260329
        0.83930444 0.29835243 0.72882391
        0.84304028 0.30078628 0.72497405
        0.84667102 0.30336590 0.72106221
        0.85019672 0.30608652 0.71709683
        0.85361787 0.30894276 0.71308632
        0.85693526 0.31192852 0.70904005
        0.86015025 0.31503741 0.70496581
        0.86326453 0.31826263 0.70087152
        0.86628008 0.32159714 0.69676485
        0.86919912 0.32503335 0.69265493
        0.87202436 0.32856426 0.68854688
        0.87475859 0.33218261 0.68444702
        0.87740480 0.33588052 0.68036401
        0.87996622 0.33965159 0.67630028
        0.88244616 0.34348843 0.67226266
        0.88484804 0.34738449 0.66825509
        0.88717531 0.35133356 0.66428074
        0.88943158 0.35532896 0.66034504
        0.89162026 0.35936554 0.65644871
        0.89374499 0.36343731 0.65259602
        0.89580924 0.36753928 0.64878850
        0.89781633 0.37166702 0.64502675
        0.89977000 0.37581505 0.64131508
        0.90167319 0.37998030 0.63765128
        0.90352927 0.38415855 0.63403714
        0.90533036 0.38835907 0.63047073
        0.90708598 0.39257099 0.62695234
        0.90880264 0.39678688 0.62348397
        0.91048332 0.40100378 0.62006579
        0.91213122 0.40521833 0.61669946
        0.91374863 0.40942908 0.61338202
        0.91533081 0.41364206 0.61011036
        0.91687289 0.41786317 0.60688133
        0.91839129 0.42207482 0.60369940
        0.91988838 0.42627536 0.60056358
        0.92136642 0.43046334 0.59747275
        0.92281323 0.43465257 0.59442106
        0.92423293 0.43883928 0.59140816
        0.92563908 0.44301009 0.58843658
        0.92703362 0.44716406 0.58550494
        0.92840387 0.45131502 0.58260743
        0.92975080 0.45546258 0.57974262
        0.93109070 0.45959122 0.57691347
        0.93242517 0.46370043 0.57411845
        0.93372761 0.46781703 0.57134780
        0.93502361 0.47191645 0.56860877
        0.93631815 0.47599503 0.56589997
        0.93759315 0.48007089 0.56321364
        0.93885384 0.48413963 0.56054973
        0.94011601 0.48818723 0.55791067
        0.94136519 0.49222748 0.55529402
        0.94259869 0.49626387 0.55269384
        0.94383625 0.50027908 0.55011366
        0.94505916 0.50429053 0.54754839
        0.94627156 0.50829486 0.54499856
        0.94749022 0.51227814 0.54246453
        0.94868727 0.51626537 0.53993857
        0.94988314 0.52023896 0.53742577
        0.95108367 0.52419485 0.53492350
        0.95225655 0.52816111 0.53242293
        0.95344487 0.53210346 0.52991578
        0.95464427 0.53602592 0.52740310
        0.95585216 0.53993143 0.52488232
        0.95706764 0.54382351 0.52233156
        0.95829153 0.54769814 0.51978595
        0.95952064 0.55156118 0.51721830
        0.96075448 0.55541421 0.51462005
        0.96199401 0.55925237 0.51203406
        0.96323511 0.56308360 0.50941742
        0.96447770 0.56690817 0.50677018
        0.96572238 0.57072165 0.50413452
        0.96696640 0.57453019 0.50147226
        0.96820769 0.57833601 0.49877807
        0.96944651 0.58213589 0.49608501
        0.97068129 0.58593290 0.49337527
        0.97191041 0.58972935 0.49063817
        0.97313283 0.59352509 0.48788437
        0.97434773 0.59731896 0.48513467
        0.97555292 0.60111524 0.48236032
        0.97674696 0.60491487 0.47956247
        0.97792876 0.60871752 0.47675408
        0.97909719 0.61252286 0.47394886
        0.98025027 0.61633420 0.47112467
        0.98138657 0.62015236 0.46828361
        0.98250460 0.62397810 0.46542795
        0.98360318 0.62781068 0.46257662
        0.98468058 0.63165155 0.45972587
        0.98573503 0.63550258 0.45686687
        0.98676461 0.63936482 0.45400166
        0.98776690 0.64323968 0.45113136
        0.98874120 0.64712702 0.44826240
        0.98968580 0.65102756 0.44539864
        0.99059644 0.65494397 0.44253996
        0.99147344 0.65887467 0.43970277
        0.99231319 0.66282262 0.43687670
        0.99311366 0.66678855 0.43406701
        0.99387166 0.67077408 0.43127675
        0.99458563 0.67477939 0.42851382
        0.99524984 0.67880798 0.42577699
        0.99586301 0.68285960 0.42307683
        0.99642118 0.68693586 0.42042177
